c1output:
[4, 7, 0, 3, 6, 8, 1]
[1, 4, 7, 8, 3, 0, 6]
[6, 1, 4, 0, 8, 7, 3]
[8, 3, 6, 4, 7, 1, 0]
[0, 8, 3, 1, 4, 6, 7]
[7, 0, 8, 6, 1, 3, 4]
[3, 6, 1, 7, 0, 4, 8]

c2output:
[1, 3, 4, 10, 2, 7, 5]
[7, 10, 2, 1, 3, 5, 4]
[5, 1, 3, 7, 10, 4, 2]
[2, 5, 1, 4, 7, 3, 10]
[3, 4, 7, 2, 5, 10, 1]
[10, 2, 5, 3, 4, 1, 7]
[4, 7, 10, 5, 1, 2, 3]

c3output:
[0, 3, 1, 2, 5, 4, 6]
[1, 4, 2, 6, 0, 5, 3]
[2, 5, 6, 3, 1, 0, 4]
[3, 1, 4, 5, 6, 2, 0]
[4, 2, 5, 0, 3, 6, 1]
[5, 6, 0, 1, 4, 3, 2]
[6, 0, 3, 4, 2, 1, 5]

c4output:
[1, 5, 2, 4, 3, 7, 6]
[4, 3, 6, 5, 2, 1, 7]
[5, 2, 7, 3, 6, 4, 1]
[2, 7, 4, 6, 1, 3, 5]
[6, 1, 5, 7, 4, 2, 3]
[7, 4, 3, 1, 5, 6, 2]
[3, 6, 1, 2, 7, 5, 4]

c5output:
[9, 8, 6, 2, 7, 11, 4]
[8, 6, 11, 7, 4, 2, 9]
[6, 11, 2, 4, 9, 7, 8]
[2, 7, 4, 8, 6, 9, 11]
[7, 4, 9, 6, 11, 8, 2]
[4, 9, 8, 11, 2, 6, 7]
[11, 2, 7, 9, 8, 4, 6]

c6output:
[33, 32, 36, 37, 34, 35, 38]
[34, 38, 33, 36, 35, 32, 37]
[35, 37, 34, 33, 32, 38, 36]
[38, 33, 32, 35, 37, 36, 34]
[37, 34, 38, 32, 36, 33, 35]
[36, 35, 37, 38, 33, 34, 32]
[32, 36, 35, 34, 38, 37, 33]

